question,answer
재배지,
작물,
작업,
농약,
비료,
메모,아침에 자고 일어났는데, 어깨가 너무 결려가지고 파스를 붙였어. 어우, 시원하네.

